-0.050000 -0.050000 1.000000
-0.050002 -0.049996 0.990000
-0.050022 -0.049976 0.980000
-0.050057 -0.049955 0.970000
-0.050102 -0.049934 0.960000
-0.050153 -0.049915 0.950000
-0.050210 -0.049898 0.940001
-0.050270 -0.049883 0.930001
-0.050332 -0.049870 0.920001
-0.050397 -0.049858 0.910001
-0.040000 -0.050000 1.000000
-0.039993 -0.049988 0.990000
-0.040013 -0.049902 0.980000
-0.040084 -0.049795 0.970001
-0.040195 -0.049689 0.960002
-0.040335 -0.049590 0.950004
-0.040495 -0.049501 0.940006
-0.040669 -0.049421 0.930007
-0.040855 -0.049349 0.920009
-0.041049 -0.049286 0.910011
-0.030000 -0.050000 1.000000
-0.030002 -0.049998 0.990000
-0.030015 -0.049989 0.980000
-0.030037 -0.049980 0.970000
-0.030063 -0.049971 0.960000
-0.030093 -0.049962 0.950000
-0.030126 -0.049955 0.940000
-0.030161 -0.049949 0.930000
-0.030197 -0.049943 0.920000
-0.030234 -0.049938 0.910000
-0.020000 -0.050000 1.000000
-0.019997 -0.049990 0.990000
-0.020024 -0.049928 0.980000
-0.020087 -0.049855 0.970001
-0.020179 -0.049783 0.960001
-0.020290 -0.049717 0.950002
-0.020416 -0.049657 0.940003
-0.020551 -0.049604 0.930004
-0.020695 -0.049556 0.920005
-0.020844 -0.049514 0.910007
-0.010000 -0.050000 1.000000
-0.010001 -0.050000 0.990000
-0.010006 -0.049998 0.980000
-0.010013 -0.049996 0.970000
-0.010022 -0.049995 0.960000
-0.010031 -0.049993 0.950000
-0.010042 -0.049992 0.940000
-0.010053 -0.049991 0.930000
-0.010065 -0.049990 0.920000
-0.010077 -0.049989 0.910000
0.000000 -0.050000 1.000000
-0.000000 -0.049992 0.990000
-0.000027 -0.049950 0.980000
-0.000080 -0.049902 0.970000
-0.000153 -0.049855 0.960001
-0.000239 -0.049812 0.950001
-0.000334 -0.049773 0.940002
-0.000437 -0.049739 0.930002
-0.000545 -0.049709 0.920003
-0.000656 -0.049681 0.910004
0.010000 -0.050000 1.000000
0.010019 -0.049989 0.990000
0.010035 -0.049851 0.980001
0.009969 -0.049659 0.970003
0.009829 -0.049459 0.960006
0.009636 -0.049269 0.950010
0.009403 -0.049096 0.940014
0.009142 -0.048940 0.930019
0.008860 -0.048800 0.920024
0.008562 -0.048676 0.910029
0.020000 -0.050000 1.000000
0.019999 -0.049995 0.990000
0.019975 -0.049969 0.980000
0.019934 -0.049939 0.970000
0.019880 -0.049911 0.960000
0.019817 -0.049885 0.950001
0.019748 -0.049862 0.940001
0.019675 -0.049842 0.930001
0.019598 -0.049824 0.920002
0.019519 -0.049808 0.910002
0.030000 -0.050000 1.000000
0.030010 -0.049988 0.990000
0.029996 -0.049887 0.980000
0.029924 -0.049759 0.970002
0.029803 -0.049630 0.960003
0.029648 -0.049509 0.950005
0.029468 -0.049399 0.940007
0.029270 -0.049301 0.930010
0.029058 -0.049214 0.920012
0.028837 -0.049136 0.910015
0.040000 -0.050000 1.000000
0.039998 -0.049997 0.990000
0.039981 -0.049983 0.980000
0.039953 -0.049968 0.970000
0.039917 -0.049954 0.960000
0.039876 -0.049941 0.950000
0.039832 -0.049929 0.940000
0.039785 -0.049919 0.930000
0.039736 -0.049910 0.920001
0.039686 -0.049902 0.910001
-0.050000 -0.040000 1.000000
-0.050002 -0.039996 0.990000
-0.050022 -0.039976 0.980000
-0.050057 -0.039955 0.970000
-0.050102 -0.039934 0.960000
-0.050153 -0.039915 0.950000
-0.050210 -0.039898 0.940001
-0.050270 -0.039883 0.930001
-0.050332 -0.039870 0.920001
-0.050397 -0.039858 0.910001
-0.040000 -0.040000 1.000000
-0.039993 -0.039988 0.990000
-0.040013 -0.039902 0.980000
-0.040084 -0.039795 0.970001
-0.040195 -0.039689 0.960002
-0.040335 -0.039590 0.950004
-0.040495 -0.039501 0.940006
-0.040669 -0.039421 0.930007
-0.040855 -0.039349 0.920009
-0.041049 -0.039286 0.910011
-0.030000 -0.040000 1.000000
-0.030002 -0.039998 0.990000
-0.030015 -0.039989 0.980000
-0.030037 -0.039980 0.970000
-0.030063 -0.039971 0.960000
-0.030093 -0.039962 0.950000
-0.030126 -0.039955 0.940000
-0.030161 -0.039949 0.930000
-0.030197 -0.039943 0.920000
-0.030234 -0.039938 0.910000
-0.020000 -0.040000 1.000000
-0.019997 -0.039990 0.990000
-0.020024 -0.039928 0.980000
-0.020087 -0.039855 0.970001
-0.020179 -0.039783 0.960001
-0.020290 -0.039717 0.950002
-0.020416 -0.039657 0.940003
-0.020551 -0.039604 0.930004
-0.020695 -0.039556 0.920005
-0.020844 -0.039514 0.910007
-0.010000 -0.040000 1.000000
-0.010001 -0.040000 0.990000
-0.010006 -0.039998 0.980000
-0.010013 -0.039996 0.970000
-0.010022 -0.039995 0.960000
-0.010031 -0.039993 0.950000
-0.010042 -0.039992 0.940000
-0.010053 -0.039991 0.930000
-0.010065 -0.039990 0.920000
-0.010077 -0.039989 0.910000
0.000000 -0.040000 1.000000
-0.000000 -0.039992 0.990000
-0.000027 -0.039950 0.980000
-0.000080 -0.039902 0.970000
-0.000153 -0.039855 0.960001
-0.000239 -0.039812 0.950001
-0.000334 -0.039773 0.940002
-0.000437 -0.039739 0.930002
-0.000545 -0.039709 0.920003
-0.000656 -0.039681 0.910004
0.010000 -0.040000 1.000000
0.010019 -0.039989 0.990000
0.010035 -0.039851 0.980001
0.009969 -0.039659 0.970003
0.009829 -0.039459 0.960006
0.009636 -0.039269 0.950010
0.009403 -0.039096 0.940014
0.009142 -0.038940 0.930019
0.008860 -0.038800 0.920024
0.008562 -0.038676 0.910029
0.020000 -0.040000 1.000000
0.019999 -0.039995 0.990000
0.019975 -0.039969 0.980000
0.019934 -0.039939 0.970000
0.019880 -0.039911 0.960000
0.019817 -0.039885 0.950001
0.019748 -0.039862 0.940001
0.019675 -0.039842 0.930001
0.019598 -0.039824 0.920002
0.019519 -0.039808 0.910002
0.030000 -0.040000 1.000000
0.030010 -0.039988 0.990000
0.029996 -0.039887 0.980000
0.029924 -0.039759 0.970002
0.029803 -0.039630 0.960003
0.029648 -0.039509 0.950005
0.029468 -0.039399 0.940007
0.029270 -0.039301 0.930010
0.029058 -0.039214 0.920012
0.028837 -0.039136 0.910015
0.040000 -0.040000 1.000000
0.039998 -0.039997 0.990000
0.039981 -0.039983 0.980000
0.039953 -0.039968 0.970000
0.039917 -0.039954 0.960000
0.039876 -0.039941 0.950000
0.039832 -0.039929 0.940000
0.039785 -0.039919 0.930000
0.039736 -0.039910 0.920001
0.039686 -0.039902 0.910001
-0.050000 -0.030000 1.000000
-0.050002 -0.029996 0.990000
-0.050022 -0.029976 0.980000
-0.050057 -0.029955 0.970000
-0.050102 -0.029934 0.960000
-0.050153 -0.029915 0.950000
-0.050210 -0.029898 0.940001
-0.050270 -0.029883 0.930001
-0.050332 -0.029870 0.920001
-0.050397 -0.029858 0.910001
-0.040000 -0.030000 1.000000
-0.039993 -0.029988 0.990000
-0.040013 -0.029902 0.980000
-0.040084 -0.029795 0.970001
-0.040195 -0.029689 0.960002
-0.040335 -0.029590 0.950004
-0.040495 -0.029501 0.940006
-0.040669 -0.029421 0.930007
-0.040855 -0.029349 0.920009
-0.041049 -0.029286 0.910011
-0.030000 -0.030000 1.000000
-0.030002 -0.029998 0.990000
-0.030015 -0.029989 0.980000
-0.030037 -0.029980 0.970000
-0.030063 -0.029971 0.960000
-0.030093 -0.029962 0.950000
-0.030126 -0.029955 0.940000
-0.030161 -0.029949 0.930000
-0.030197 -0.029943 0.920000
-0.030234 -0.029938 0.910000
-0.020000 -0.030000 1.000000
-0.019997 -0.029990 0.990000
-0.020024 -0.029928 0.980000
-0.020087 -0.029855 0.970001
-0.020179 -0.029783 0.960001
-0.020290 -0.029717 0.950002
-0.020416 -0.029657 0.940003
-0.020551 -0.029604 0.930004
-0.020695 -0.029556 0.920005
-0.020844 -0.029514 0.910007
-0.010000 -0.030000 1.000000
-0.010001 -0.030000 0.990000
-0.010006 -0.029998 0.980000
-0.010013 -0.029996 0.970000
-0.010022 -0.029995 0.960000
-0.010031 -0.029993 0.950000
-0.010042 -0.029992 0.940000
-0.010053 -0.029991 0.930000
-0.010065 -0.029990 0.920000
-0.010077 -0.029989 0.910000
0.000000 -0.030000 1.000000
-0.000000 -0.029992 0.990000
-0.000027 -0.029950 0.980000
-0.000080 -0.029902 0.970000
-0.000153 -0.029855 0.960001
-0.000239 -0.029812 0.950001
-0.000334 -0.029773 0.940002
-0.000437 -0.029739 0.930002
-0.000545 -0.029709 0.920003
-0.000656 -0.029681 0.910004
0.010000 -0.030000 1.000000
0.010019 -0.029989 0.990000
0.010035 -0.029851 0.980001
0.009969 -0.029659 0.970003
0.009829 -0.029459 0.960006
0.009636 -0.029269 0.950010
0.009403 -0.029096 0.940014
0.009142 -0.028940 0.930019
0.008860 -0.028800 0.920024
0.008562 -0.028676 0.910029
0.020000 -0.030000 1.000000
0.019999 -0.029995 0.990000
0.019975 -0.029969 0.980000
0.019934 -0.029939 0.970000
0.019880 -0.029911 0.960000
0.019817 -0.029885 0.950001
0.019748 -0.029862 0.940001
0.019675 -0.029842 0.930001
0.019598 -0.029824 0.920002
0.019519 -0.029808 0.910002
0.030000 -0.030000 1.000000
0.030010 -0.029988 0.990000
0.029996 -0.029887 0.980000
0.029924 -0.029759 0.970002
0.029803 -0.029630 0.960003
0.029648 -0.029509 0.950005
0.029468 -0.029399 0.940007
0.029270 -0.029301 0.930010
0.029058 -0.029214 0.920012
0.028837 -0.029136 0.910015
0.040000 -0.030000 1.000000
0.039998 -0.029997 0.990000
0.039981 -0.029983 0.980000
0.039953 -0.029968 0.970000
0.039917 -0.029954 0.960000
0.039876 -0.029941 0.950000
0.039832 -0.029929 0.940000
0.039785 -0.029919 0.930000
0.039736 -0.029910 0.920001
0.039686 -0.029902 0.910001
-0.050000 -0.020000 1.000000
-0.050002 -0.019996 0.990000
-0.050022 -0.019976 0.980000
-0.050057 -0.019955 0.970000
-0.050102 -0.019934 0.960000
-0.050153 -0.019915 0.950000
-0.050210 -0.019898 0.940001
-0.050270 -0.019883 0.930001
-0.050332 -0.019870 0.920001
-0.050397 -0.019858 0.910001
-0.040000 -0.020000 1.000000
-0.039993 -0.019988 0.990000
-0.040013 -0.019902 0.980000
-0.040084 -0.019795 0.970001
-0.040195 -0.019689 0.960002
-0.040335 -0.019590 0.950004
-0.040495 -0.019501 0.940006
-0.040669 -0.019421 0.930007
-0.040855 -0.019349 0.920009
-0.041049 -0.019286 0.910011
-0.030000 -0.020000 1.000000
-0.030002 -0.019998 0.990000
-0.030015 -0.019989 0.980000
-0.030037 -0.019980 0.970000
-0.030063 -0.019971 0.960000
-0.030093 -0.019962 0.950000
-0.030126 -0.019955 0.940000
-0.030161 -0.019949 0.930000
-0.030197 -0.019943 0.920000
-0.030234 -0.019938 0.910000
-0.020000 -0.020000 1.000000
-0.019997 -0.019990 0.990000
-0.020024 -0.019928 0.980000
-0.020087 -0.019855 0.970001
-0.020179 -0.019783 0.960001
-0.020290 -0.019717 0.950002
-0.020416 -0.019657 0.940003
-0.020551 -0.019604 0.930004
-0.020695 -0.019556 0.920005
-0.020844 -0.019514 0.910007
-0.010000 -0.020000 1.000000
-0.010001 -0.020000 0.990000
-0.010006 -0.019998 0.980000
-0.010013 -0.019996 0.970000
-0.010022 -0.019995 0.960000
-0.010031 -0.019993 0.950000
-0.010042 -0.019992 0.940000
-0.010053 -0.019991 0.930000
-0.010065 -0.019990 0.920000
-0.010077 -0.019989 0.910000
0.000000 -0.020000 1.000000
-0.000000 -0.019992 0.990000
-0.000027 -0.019950 0.980000
-0.000080 -0.019902 0.970000
-0.000153 -0.019855 0.960001
-0.000239 -0.019812 0.950001
-0.000334 -0.019773 0.940002
-0.000437 -0.019739 0.930002
-0.000545 -0.019709 0.920003
-0.000656 -0.019681 0.910004
0.010000 -0.020000 1.000000
0.010019 -0.019989 0.990000
0.010035 -0.019851 0.980001
0.009969 -0.019659 0.970003
0.009829 -0.019459 0.960006
0.009636 -0.019269 0.950010
0.009403 -0.019096 0.940014
0.009142 -0.018940 0.930019
0.008860 -0.018800 0.920024
0.008562 -0.018676 0.910029
0.020000 -0.020000 1.000000
0.019999 -0.019995 0.990000
0.019975 -0.019969 0.980000
0.019934 -0.019939 0.970000
0.019880 -0.019911 0.960000
0.019817 -0.019885 0.950001
0.019748 -0.019862 0.940001
0.019675 -0.019842 0.930001
0.019598 -0.019824 0.920002
0.019519 -0.019808 0.910002
0.030000 -0.020000 1.000000
0.030010 -0.019988 0.990000
0.029996 -0.019887 0.980000
0.029924 -0.019759 0.970002
0.029803 -0.019630 0.960003
0.029648 -0.019509 0.950005
0.029468 -0.019399 0.940007
0.029270 -0.019301 0.930010
0.029058 -0.019214 0.920012
0.028837 -0.019136 0.910015
0.040000 -0.020000 1.000000
0.039998 -0.019997 0.990000
0.039981 -0.019983 0.980000
0.039953 -0.019968 0.970000
0.039917 -0.019954 0.960000
0.039876 -0.019941 0.950000
0.039832 -0.019929 0.940000
0.039785 -0.019919 0.930000
0.039736 -0.019910 0.920001
0.039686 -0.019902 0.910001
-0.050000 -0.010000 1.000000
-0.050002 -0.009996 0.990000
-0.050022 -0.009976 0.980000
-0.050057 -0.009955 0.970000
-0.050102 -0.009934 0.960000
-0.050153 -0.009915 0.950000
-0.050210 -0.009898 0.940001
-0.050270 -0.009883 0.930001
-0.050332 -0.009870 0.920001
-0.050397 -0.009858 0.910001
-0.040000 -0.010000 1.000000
-0.039993 -0.009988 0.990000
-0.040013 -0.009902 0.980000
-0.040084 -0.009795 0.970001
-0.040195 -0.009689 0.960002
-0.040335 -0.009590 0.950004
-0.040495 -0.009501 0.940006
-0.040669 -0.009421 0.930007
-0.040855 -0.009349 0.920009
-0.041049 -0.009286 0.910011
-0.030000 -0.010000 1.000000
-0.030002 -0.009998 0.990000
-0.030015 -0.009989 0.980000
-0.030037 -0.009980 0.970000
-0.030063 -0.009971 0.960000
-0.030093 -0.009962 0.950000
-0.030126 -0.009955 0.940000
-0.030161 -0.009949 0.930000
-0.030197 -0.009943 0.920000
-0.030234 -0.009938 0.910000
-0.020000 -0.010000 1.000000
-0.019997 -0.009990 0.990000
-0.020024 -0.009928 0.980000
-0.020087 -0.009855 0.970001
-0.020179 -0.009783 0.960001
-0.020290 -0.009717 0.950002
-0.020416 -0.009657 0.940003
-0.020551 -0.009604 0.930004
-0.020695 -0.009556 0.920005
-0.020844 -0.009514 0.910007
-0.010000 -0.010000 1.000000
-0.010001 -0.010000 0.990000
-0.010006 -0.009998 0.980000
-0.010013 -0.009996 0.970000
-0.010022 -0.009995 0.960000
-0.010031 -0.009993 0.950000
-0.010042 -0.009992 0.940000
-0.010053 -0.009991 0.930000
-0.010065 -0.009990 0.920000
-0.010077 -0.009989 0.910000
0.000000 -0.010000 1.000000
-0.000000 -0.009992 0.990000
-0.000027 -0.009950 0.980000
-0.000080 -0.009902 0.970000
-0.000153 -0.009855 0.960001
-0.000239 -0.009812 0.950001
-0.000334 -0.009773 0.940002
-0.000437 -0.009739 0.930002
-0.000545 -0.009709 0.920003
-0.000656 -0.009681 0.910004
0.010000 -0.010000 1.000000
0.010019 -0.009989 0.990000
0.010035 -0.009851 0.980001
0.009969 -0.009659 0.970003
0.009829 -0.009459 0.960006
0.009636 -0.009269 0.950010
0.009403 -0.009096 0.940014
0.009142 -0.008940 0.930019
0.008860 -0.008800 0.920024
0.008562 -0.008676 0.910029
0.020000 -0.010000 1.000000
0.019999 -0.009995 0.990000
0.019975 -0.009969 0.980000
0.019934 -0.009939 0.970000
0.019880 -0.009911 0.960000
0.019817 -0.009885 0.950001
0.019748 -0.009862 0.940001
0.019675 -0.009842 0.930001
0.019598 -0.009824 0.920002
0.019519 -0.009808 0.910002
0.030000 -0.010000 1.000000
0.030010 -0.009988 0.990000
0.029996 -0.009887 0.980000
0.029924 -0.009759 0.970002
0.029803 -0.009630 0.960003
0.029648 -0.009509 0.950005
0.029468 -0.009399 0.940007
0.029270 -0.009301 0.930010
0.029058 -0.009214 0.920012
0.028837 -0.009136 0.910015
0.040000 -0.010000 1.000000
0.039998 -0.009997 0.990000
0.039981 -0.009983 0.980000
0.039953 -0.009968 0.970000
0.039917 -0.009954 0.960000
0.039876 -0.009941 0.950000
0.039832 -0.009929 0.940000
0.039785 -0.009919 0.930000
0.039736 -0.009910 0.920001
0.039686 -0.009902 0.910001
-0.050000 0.000000 1.000000
-0.050002 0.000004 0.990000
-0.050022 0.000024 0.980000
-0.050057 0.000045 0.970000
-0.050102 0.000066 0.960000
-0.050153 0.000085 0.950000
-0.050210 0.000102 0.940001
-0.050270 0.000117 0.930001
-0.050332 0.000130 0.920001
-0.050397 0.000142 0.910001
-0.040000 0.000000 1.000000
-0.039993 0.000012 0.990000
-0.040013 0.000098 0.980000
-0.040084 0.000205 0.970001
-0.040195 0.000311 0.960002
-0.040335 0.000410 0.950004
-0.040495 0.000499 0.940006
-0.040669 0.000579 0.930007
-0.040855 0.000651 0.920009
-0.041049 0.000714 0.910011
-0.030000 0.000000 1.000000
-0.030002 0.000002 0.990000
-0.030015 0.000011 0.980000
-0.030037 0.000020 0.970000
-0.030063 0.000029 0.960000
-0.030093 0.000038 0.950000
-0.030126 0.000045 0.940000
-0.030161 0.000051 0.930000
-0.030197 0.000057 0.920000
-0.030234 0.000062 0.910000
-0.020000 0.000000 1.000000
-0.019997 0.000010 0.990000
-0.020024 0.000072 0.980000
-0.020087 0.000145 0.970001
-0.020179 0.000217 0.960001
-0.020290 0.000283 0.950002
-0.020416 0.000343 0.940003
-0.020551 0.000396 0.930004
-0.020695 0.000444 0.920005
-0.020844 0.000486 0.910007
-0.010000 0.000000 1.000000
-0.010001 0.000000 0.990000
-0.010006 0.000002 0.980000
-0.010013 0.000004 0.970000
-0.010022 0.000005 0.960000
-0.010031 0.000007 0.950000
-0.010042 0.000008 0.940000
-0.010053 0.000009 0.930000
-0.010065 0.000010 0.920000
-0.010077 0.000011 0.910000
0.000000 0.000000 1.000000
-0.000000 0.000008 0.990000
-0.000027 0.000050 0.980000
-0.000080 0.000098 0.970000
-0.000153 0.000145 0.960001
-0.000239 0.000188 0.950001
-0.000334 0.000227 0.940002
-0.000437 0.000261 0.930002
-0.000545 0.000291 0.920003
-0.000656 0.000319 0.910004
0.010000 0.000000 1.000000
0.010019 0.000011 0.990000
0.010035 0.000149 0.980001
0.009969 0.000341 0.970003
0.009829 0.000541 0.960006
0.009636 0.000731 0.950010
0.009403 0.000904 0.940014
0.009142 0.001060 0.930019
0.008860 0.001200 0.920024
0.008562 0.001324 0.910029
0.020000 0.000000 1.000000
0.019999 0.000005 0.990000
0.019975 0.000031 0.980000
0.019934 0.000061 0.970000
0.019880 0.000089 0.960000
0.019817 0.000115 0.950001
0.019748 0.000138 0.940001
0.019675 0.000158 0.930001
0.019598 0.000176 0.920002
0.019519 0.000192 0.910002
0.030000 0.000000 1.000000
0.030010 0.000012 0.990000
0.029996 0.000113 0.980000
0.029924 0.000241 0.970002
0.029803 0.000370 0.960003
0.029648 0.000491 0.950005
0.029468 0.000601 0.940007
0.029270 0.000699 0.930010
0.029058 0.000786 0.920012
0.028837 0.000864 0.910015
0.040000 0.000000 1.000000
0.039998 0.000003 0.990000
0.039981 0.000017 0.980000
0.039953 0.000032 0.970000
0.039917 0.000046 0.960000
0.039876 0.000059 0.950000
0.039832 0.000071 0.940000
0.039785 0.000081 0.930000
0.039736 0.000090 0.920001
0.039686 0.000098 0.910001
-0.050000 0.010000 1.000000
-0.050002 0.010004 0.990000
-0.050022 0.010024 0.980000
-0.050057 0.010045 0.970000
-0.050102 0.010066 0.960000
-0.050153 0.010085 0.950000
-0.050210 0.010102 0.940001
-0.050270 0.010117 0.930001
-0.050332 0.010130 0.920001
-0.050397 0.010142 0.910001
-0.040000 0.010000 1.000000
-0.039993 0.010012 0.990000
-0.040013 0.010098 0.980000
-0.040084 0.010205 0.970001
-0.040195 0.010311 0.960002
-0.040335 0.010410 0.950004
-0.040495 0.010499 0.940006
-0.040669 0.010579 0.930007
-0.040855 0.010651 0.920009
-0.041049 0.010714 0.910011
-0.030000 0.010000 1.000000
-0.030002 0.010002 0.990000
-0.030015 0.010011 0.980000
-0.030037 0.010020 0.970000
-0.030063 0.010029 0.960000
-0.030093 0.010038 0.950000
-0.030126 0.010045 0.940000
-0.030161 0.010051 0.930000
-0.030197 0.010057 0.920000
-0.030234 0.010062 0.910000
-0.020000 0.010000 1.000000
-0.019997 0.010010 0.990000
-0.020024 0.010072 0.980000
-0.020087 0.010145 0.970001
-0.020179 0.010217 0.960001
-0.020290 0.010283 0.950002
-0.020416 0.010343 0.940003
-0.020551 0.010396 0.930004
-0.020695 0.010444 0.920005
-0.020844 0.010486 0.910007
-0.010000 0.010000 1.000000
-0.010001 0.010000 0.990000
-0.010006 0.010002 0.980000
-0.010013 0.010004 0.970000
-0.010022 0.010005 0.960000
-0.010031 0.010007 0.950000
-0.010042 0.010008 0.940000
-0.010053 0.010009 0.930000
-0.010065 0.010010 0.920000
-0.010077 0.010011 0.910000
0.000000 0.010000 1.000000
-0.000000 0.010008 0.990000
-0.000027 0.010050 0.980000
-0.000080 0.010098 0.970000
-0.000153 0.010145 0.960001
-0.000239 0.010188 0.950001
-0.000334 0.010227 0.940002
-0.000437 0.010261 0.930002
-0.000545 0.010291 0.920003
-0.000656 0.010319 0.910004
0.010000 0.010000 1.000000
0.010019 0.010011 0.990000
0.010035 0.010149 0.980001
0.009969 0.010341 0.970003
0.009829 0.010541 0.960006
0.009636 0.010731 0.950010
0.009403 0.010904 0.940014
0.009142 0.011060 0.930019
0.008860 0.011200 0.920024
0.008562 0.011324 0.910029
0.020000 0.010000 1.000000
0.019999 0.010005 0.990000
0.019975 0.010031 0.980000
0.019934 0.010061 0.970000
0.019880 0.010089 0.960000
0.019817 0.010115 0.950001
0.019748 0.010138 0.940001
0.019675 0.010158 0.930001
0.019598 0.010176 0.920002
0.019519 0.010192 0.910002
0.030000 0.010000 1.000000
0.030010 0.010012 0.990000
0.029996 0.010113 0.980000
0.029924 0.010241 0.970002
0.029803 0.010370 0.960003
0.029648 0.010491 0.950005
0.029468 0.010601 0.940007
0.029270 0.010699 0.930010
0.029058 0.010786 0.920012
0.028837 0.010864 0.910015
0.040000 0.010000 1.000000
0.039998 0.010003 0.990000
0.039981 0.010017 0.980000
0.039953 0.010032 0.970000
0.039917 0.010046 0.960000
0.039876 0.010059 0.950000
0.039832 0.010071 0.940000
0.039785 0.010081 0.930000
0.039736 0.010090 0.920001
0.039686 0.010098 0.910001
-0.050000 0.020000 1.000000
-0.050002 0.020004 0.990000
-0.050022 0.020024 0.980000
-0.050057 0.020045 0.970000
-0.050102 0.020066 0.960000
-0.050153 0.020085 0.950000
-0.050210 0.020102 0.940001
-0.050270 0.020117 0.930001
-0.050332 0.020130 0.920001
-0.050397 0.020142 0.910001
-0.040000 0.020000 1.000000
-0.039993 0.020012 0.990000
-0.040013 0.020098 0.980000
-0.040084 0.020205 0.970001
-0.040195 0.020311 0.960002
-0.040335 0.020410 0.950004
-0.040495 0.020499 0.940006
-0.040669 0.020579 0.930007
-0.040855 0.020651 0.920009
-0.041049 0.020714 0.910011
-0.030000 0.020000 1.000000
-0.030002 0.020002 0.990000
-0.030015 0.020011 0.980000
-0.030037 0.020020 0.970000
-0.030063 0.020029 0.960000
-0.030093 0.020038 0.950000
-0.030126 0.020045 0.940000
-0.030161 0.020051 0.930000
-0.030197 0.020057 0.920000
-0.030234 0.020062 0.910000
-0.020000 0.020000 1.000000
-0.019997 0.020010 0.990000
-0.020024 0.020072 0.980000
-0.020087 0.020145 0.970001
-0.020179 0.020217 0.960001
-0.020290 0.020283 0.950002
-0.020416 0.020343 0.940003
-0.020551 0.020396 0.930004
-0.020695 0.020444 0.920005
-0.020844 0.020486 0.910007
-0.010000 0.020000 1.000000
-0.010001 0.020000 0.990000
-0.010006 0.020002 0.980000
-0.010013 0.020004 0.970000
-0.010022 0.020005 0.960000
-0.010031 0.020007 0.950000
-0.010042 0.020008 0.940000
-0.010053 0.020009 0.930000
-0.010065 0.020010 0.920000
-0.010077 0.020011 0.910000
0.000000 0.020000 1.000000
-0.000000 0.020008 0.990000
-0.000027 0.020050 0.980000
-0.000080 0.020098 0.970000
-0.000153 0.020145 0.960001
-0.000239 0.020188 0.950001
-0.000334 0.020227 0.940002
-0.000437 0.020261 0.930002
-0.000545 0.020291 0.920003
-0.000656 0.020319 0.910004
0.010000 0.020000 1.000000
0.010019 0.020011 0.990000
0.010035 0.020149 0.980001
0.009969 0.020341 0.970003
0.009829 0.020541 0.960006
0.009636 0.020731 0.950010
0.009403 0.020904 0.940014
0.009142 0.021060 0.930019
0.008860 0.021200 0.920024
0.008562 0.021324 0.910029
0.020000 0.020000 1.000000
0.019999 0.020005 0.990000
0.019975 0.020031 0.980000
0.019934 0.020061 0.970000
0.019880 0.020089 0.960000
0.019817 0.020115 0.950001
0.019748 0.020138 0.940001
0.019675 0.020158 0.930001
0.019598 0.020176 0.920002
0.019519 0.020192 0.910002
0.030000 0.020000 1.000000
0.030010 0.020012 0.990000
0.029996 0.020113 0.980000
0.029924 0.020241 0.970002
0.029803 0.020370 0.960003
0.029648 0.020491 0.950005
0.029468 0.020601 0.940007
0.029270 0.020699 0.930010
0.029058 0.020786 0.920012
0.028837 0.020864 0.910015
0.040000 0.020000 1.000000
0.039998 0.020003 0.990000
0.039981 0.020017 0.980000
0.039953 0.020032 0.970000
0.039917 0.020046 0.960000
0.039876 0.020059 0.950000
0.039832 0.020071 0.940000
0.039785 0.020081 0.930000
0.039736 0.020090 0.920001
0.039686 0.020098 0.910001
-0.050000 0.030000 1.000000
-0.050002 0.030004 0.990000
-0.050022 0.030024 0.980000
-0.050057 0.030045 0.970000
-0.050102 0.030066 0.960000
-0.050153 0.030085 0.950000
-0.050210 0.030102 0.940001
-0.050270 0.030117 0.930001
-0.050332 0.030130 0.920001
-0.050397 0.030142 0.910001
-0.040000 0.030000 1.000000
-0.039993 0.030012 0.990000
-0.040013 0.030098 0.980000
-0.040084 0.030205 0.970001
-0.040195 0.030311 0.960002
-0.040335 0.030410 0.950004
-0.040495 0.030499 0.940006
-0.040669 0.030579 0.930007
-0.040855 0.030651 0.920009
-0.041049 0.030714 0.910011
-0.030000 0.030000 1.000000
-0.030002 0.030002 0.990000
-0.030015 0.030011 0.980000
-0.030037 0.030020 0.970000
-0.030063 0.030029 0.960000
-0.030093 0.030038 0.950000
-0.030126 0.030045 0.940000
-0.030161 0.030051 0.930000
-0.030197 0.030057 0.920000
-0.030234 0.030062 0.910000
-0.020000 0.030000 1.000000
-0.019997 0.030010 0.990000
-0.020024 0.030072 0.980000
-0.020087 0.030145 0.970001
-0.020179 0.030217 0.960001
-0.020290 0.030283 0.950002
-0.020416 0.030343 0.940003
-0.020551 0.030396 0.930004
-0.020695 0.030444 0.920005
-0.020844 0.030486 0.910007
-0.010000 0.030000 1.000000
-0.010001 0.030000 0.990000
-0.010006 0.030002 0.980000
-0.010013 0.030004 0.970000
-0.010022 0.030005 0.960000
-0.010031 0.030007 0.950000
-0.010042 0.030008 0.940000
-0.010053 0.030009 0.930000
-0.010065 0.030010 0.920000
-0.010077 0.030011 0.910000
0.000000 0.030000 1.000000
-0.000000 0.030008 0.990000
-0.000027 0.030050 0.980000
-0.000080 0.030098 0.970000
-0.000153 0.030145 0.960001
-0.000239 0.030188 0.950001
-0.000334 0.030227 0.940002
-0.000437 0.030261 0.930002
-0.000545 0.030291 0.920003
-0.000656 0.030319 0.910004
0.010000 0.030000 1.000000
0.010019 0.030011 0.990000
0.010035 0.030149 0.980001
0.009969 0.030341 0.970003
0.009829 0.030541 0.960006
0.009636 0.030731 0.950010
0.009403 0.030904 0.940014
0.009142 0.031060 0.930019
0.008860 0.031200 0.920024
0.008562 0.031324 0.910029
0.020000 0.030000 1.000000
0.019999 0.030005 0.990000
0.019975 0.030031 0.980000
0.019934 0.030061 0.970000
0.019880 0.030089 0.960000
0.019817 0.030115 0.950001
0.019748 0.030138 0.940001
0.019675 0.030158 0.930001
0.019598 0.030176 0.920002
0.019519 0.030192 0.910002
0.030000 0.030000 1.000000
0.030010 0.030012 0.990000
0.029996 0.030113 0.980000
0.029924 0.030241 0.970002
0.029803 0.030370 0.960003
0.029648 0.030491 0.950005
0.029468 0.030601 0.940007
0.029270 0.030699 0.930010
0.029058 0.030786 0.920012
0.028837 0.030864 0.910015
0.040000 0.030000 1.000000
0.039998 0.030003 0.990000
0.039981 0.030017 0.980000
0.039953 0.030032 0.970000
0.039917 0.030046 0.960000
0.039876 0.030059 0.950000
0.039832 0.030071 0.940000
0.039785 0.030081 0.930000
0.039736 0.030090 0.920001
0.039686 0.030098 0.910001
-0.050000 0.040000 1.000000
-0.050002 0.040004 0.990000
-0.050022 0.040024 0.980000
-0.050057 0.040045 0.970000
-0.050102 0.040066 0.960000
-0.050153 0.040085 0.950000
-0.050210 0.040102 0.940001
-0.050270 0.040117 0.930001
-0.050332 0.040130 0.920001
-0.050397 0.040142 0.910001
-0.040000 0.040000 1.000000
-0.039993 0.040012 0.990000
-0.040013 0.040098 0.980000
-0.040084 0.040205 0.970001
-0.040195 0.040311 0.960002
-0.040335 0.040410 0.950004
-0.040495 0.040499 0.940006
-0.040669 0.040579 0.930007
-0.040855 0.040651 0.920009
-0.041049 0.040714 0.910011
-0.030000 0.040000 1.000000
-0.030002 0.040002 0.990000
-0.030015 0.040011 0.980000
-0.030037 0.040020 0.970000
-0.030063 0.040029 0.960000
-0.030093 0.040038 0.950000
-0.030126 0.040045 0.940000
-0.030161 0.040051 0.930000
-0.030197 0.040057 0.920000
-0.030234 0.040062 0.910000
-0.020000 0.040000 1.000000
-0.019997 0.040010 0.990000
-0.020024 0.040072 0.980000
-0.020087 0.040145 0.970001
-0.020179 0.040217 0.960001
-0.020290 0.040283 0.950002
-0.020416 0.040343 0.940003
-0.020551 0.040396 0.930004
-0.020695 0.040444 0.920005
-0.020844 0.040486 0.910007
-0.010000 0.040000 1.000000
-0.010001 0.040000 0.990000
-0.010006 0.040002 0.980000
-0.010013 0.040004 0.970000
-0.010022 0.040005 0.960000
-0.010031 0.040007 0.950000
-0.010042 0.040008 0.940000
-0.010053 0.040009 0.930000
-0.010065 0.040010 0.920000
-0.010077 0.040011 0.910000
0.000000 0.040000 1.000000
-0.000000 0.040008 0.990000
-0.000027 0.040050 0.980000
-0.000080 0.040098 0.970000
-0.000153 0.040145 0.960001
-0.000239 0.040188 0.950001
-0.000334 0.040227 0.940002
-0.000437 0.040261 0.930002
-0.000545 0.040291 0.920003
-0.000656 0.040319 0.910004
0.010000 0.040000 1.000000
0.010019 0.040011 0.990000
0.010035 0.040149 0.980001
0.009969 0.040341 0.970003
0.009829 0.040541 0.960006
0.009636 0.040731 0.950010
0.009403 0.040904 0.940014
0.009142 0.041060 0.930019
0.008860 0.041200 0.920024
0.008562 0.041324 0.910029
0.020000 0.040000 1.000000
0.019999 0.040005 0.990000
0.019975 0.040031 0.980000
0.019934 0.040061 0.970000
0.019880 0.040089 0.960000
0.019817 0.040115 0.950001
0.019748 0.040138 0.940001
0.019675 0.040158 0.930001
0.019598 0.040176 0.920002
0.019519 0.040192 0.910002
0.030000 0.040000 1.000000
0.030010 0.040012 0.990000
0.029996 0.040113 0.980000
0.029924 0.040241 0.970002
0.029803 0.040370 0.960003
0.029648 0.040491 0.950005
0.029468 0.040601 0.940007
0.029270 0.040699 0.930010
0.029058 0.040786 0.920012
0.028837 0.040864 0.910015
0.040000 0.040000 1.000000
0.039998 0.040003 0.990000
0.039981 0.040017 0.980000
0.039953 0.040032 0.970000
0.039917 0.040046 0.960000
0.039876 0.040059 0.950000
0.039832 0.040071 0.940000
0.039785 0.040081 0.930000
0.039736 0.040090 0.920001
0.039686 0.040098 0.910001
